0.010000
0.005000
0.005000
0.005000
0.010000
0.010000
0.005000
0.005000
0.010000
0.005000
0.005000
0.010000
0.005000
0.005000
0.010000
0.005000
0.005000
0.010000
0.005000
0.010000
0.005000
0.005000
0.005000
0.010000
0.005000
0.005000
0.004000
0.005000
0.005000
0.005000
0.005000
0.005000
0.005000
0.005000
0.005000
0.005000
0.010000
0.005000
0.004000
0.005000
0.005000
0.005000
0.005000
0.010000
0.005000
0.010000
0.005000
0.005000
0.005000
0.005000
0.006600
0.010000
0.005000
0.004000
0.005000
0.005000
0.005000
0.005000
0.005000
0.005000
0.005000
0.010000
0.020000
0.005000
0.010000
0.005000
0.005000
0.010000
0.005000
0.005000
0.005000
0.005000
0.005000
0.010000
0.005000
0.004000
0.005000
0.005000
0.005000
0.010000
0.005000
0.005000
0.004000
0.004000
0.010000
0.010000
0.004000
0.005000
0.005000
0.005000
0.010000
0.005000
0.005000
0.005000
0.005000
0.010000
0.005000
0.005000
0.005000
0.005000
