0.681023
0.552672
0.161212
0.155386
0.349328
0.262115
0.370428
0.152295
0.347856
0.300316
0.117957
0.617711
0.267392
0.348253
0.521709
0.135320
0.129491
0.349699
0.248491
0.155481
0.348749
0.596066
0.117595
0.289772
0.469087
0.363653
0.103283
0.112692
0.275375
0.123742
0.252510
0.622996
0.194483
0.271647
0.452275
0.610143
0.124482
0.554454
0.181330
0.136492
0.376032
0.331285
0.481354
0.258928
0.369994
0.210743
0.127202
0.317843
0.207128
0.366810
0.863946
0.269935
0.230560
0.165045
0.221450
0.191256
0.379360
0.340810
0.484311
0.466087
0.398047
0.283984
0.990238
0.180283
0.318148
0.923439
0.233340
0.147170
0.209388
0.149094
0.182801
0.326280
0.199618
0.129416
0.301459
0.128663
0.212035
0.528671
0.352618
0.236481
0.167089
0.449043
0.076698
0.063203
0.671056
0.142039
0.102891
0.216417
0.093774
0.231627
0.287257
0.191824
0.176789
0.203478
0.222772
0.280916
0.252699
0.364314
0.172739
0.104179
