64.515798
25.999654
3.670115
11.297973
4.722320
8.257277
74.267604
11.574864
39.305942
6.381838
10.916375
39.944461
20.743412
30.472568
34.749087
9.916173
12.737330
20.177517
48.226924
5.002065
3.308657
38.443264
27.010317
30.720609
46.943815
21.206533
42.437669
7.423916
20.821510
47.058195
8.739267
39.442248
49.087291
41.040085
14.898931
41.775596
5.900309
18.736701
14.214288
4.696021
21.172490
54.649273
16.374607
3.351588
43.756845
24.162555
49.825916
24.068246
19.628154
25.090452
20.717589
9.295520
11.816840
10.704244
35.830881
19.611559
21.323690
27.994596
25.136626
41.128620
74.053102
28.159960
30.857347
37.160354
24.487051
22.195016
21.471252
10.708421
59.917863
7.660555
17.375198
10.901067
8.810831
8.081453
12.170807
19.790756
16.989785
48.881336
57.151845
15.142331
36.528659
72.887758
18.206155
17.249653
29.619956
6.224209
14.613719
17.744007
9.218474
28.781202
9.359945
26.808893
8.135766
15.885866
48.652809
56.378923
30.942060
23.440166
14.963363
7.698905
