109.338717
56.637741
12.073577
21.272316
20.597865
34.922487
80.414725
21.628936
90.671587
39.401015
16.133600
120.676386
47.973592
75.353572
83.834386
24.248917
34.201230
32.999120
38.345679
11.405626
17.308846
81.275163
42.528169
51.139380
113.139384
61.264541
53.219474
11.081251
19.548755
56.288086
42.641091
116.252953
59.166439
40.466161
46.788104
54.491056
15.118660
29.304821
26.629660
10.545340
37.835267
72.605721
40.944293
14.970379
47.616843
31.325517
53.318785
74.852408
34.961657
36.018334
67.652950
24.802489
13.739059
16.027683
51.459798
23.618235
44.610128
51.680643
39.644822
52.082091
109.211163
31.377126
77.861363
56.588201
46.468743
88.529984
33.464603
31.416500
67.197893
16.434218
21.345121
45.319323
17.432598
19.528920
32.738102
31.098604
38.439419
48.910800
75.576662
33.329103
37.591767
113.553579
24.431587
21.846101
122.963671
19.694262
21.347325
38.859992
13.088377
46.377246
34.935565
48.748658
18.131868
18.658870
56.238183
52.050737
36.519288
45.611361
23.511797
9.094390
