0.021086
0.044893
0.015088
0.021379
0.018836
0.023743
0.017219
0.023171
0.025122
0.039820
0.009992
0.090598
0.019781
0.020210
0.021141
0.017144
0.010035
0.034141
0.021911
0.012813
0.030786
0.037572
0.007047
0.018041
0.032718
0.049881
0.008635
0.012427
0.029762
0.008165
0.026391
0.061987
0.017779
0.027833
0.020757
0.025396
0.010934
0.062939
0.020142
0.011671
0.042764
0.041363
0.034749
0.015215
0.040658
0.014748
0.007170
0.062439
0.018322
0.063352
0.042171
0.016942
0.028044
0.008017
0.037553
0.020853
0.041545
0.027814
0.039105
0.021944
0.034986
0.017794
0.127656
0.011611
0.029710
0.051955
0.023649
0.012301
0.013167
0.012077
0.017923
0.046867
0.027670
0.033654
0.035430
0.009566
0.026033
0.025922
0.042538
0.031362
0.016282
0.024475
0.006270
0.004837
0.092133
0.008862
0.009244
0.015276
0.010468
0.020230
0.014260
0.011422
0.018574
0.019245
0.017552
0.025844
0.022460
0.058541
0.011993
0.010947
