0.204240
0.026291
0.007736
0.010296
0.010398
0.013948
0.019579
0.013014
0.086823
0.017230
0.005147
0.133069
0.010323
0.009664
0.034883
0.008352
0.004455
0.016609
0.011709
0.007168
0.015867
0.057407
0.003282
0.008121
0.018075
0.024205
0.004347
0.006363
0.016624
0.003723
0.009518
0.069638
0.008502
0.015948
0.012456
0.012431
0.006038
0.027322
0.011294
0.005533
0.022806
0.021727
0.018664
0.008934
0.015944
0.008213
0.004711
0.026733
0.009944
0.027136
0.023761
0.008519
0.015081
0.004096
0.018844
0.011867
0.021774
0.011459
0.018698
0.009619
0.017353
0.009699
0.044745
0.006166
0.015498
0.082738
0.015420
0.006540
0.007909
0.006502
0.008269
0.022148
0.012271
0.016556
0.017980
0.005532
0.014342
0.016349
0.019800
0.017109
0.008031
0.029075
0.003697
0.002445
0.247160
0.005890
0.004972
0.009083
0.005266
0.010730
0.006049
0.008386
0.010283
0.008277
0.009028
0.013187
0.012626
0.029833
0.006328
0.005495
