0.397560
0.184562
0.032254
0.059644
0.049785
0.161996
0.181730
0.076363
0.266877
0.112322
0.036977
0.533596
0.096790
0.154151
0.304990
0.082505
0.054840
0.100883
0.110889
0.046704
0.065665
0.242823
0.036261
0.180242
0.216946
0.216572
0.055207
0.029856
0.052140
0.064337
0.149685
0.248588
0.099912
0.106983
0.122087
0.133050
0.040852
0.109954
0.058354
0.040340
0.120712
0.115255
0.126083
0.047764
0.131560
0.077200
0.076457
0.193866
0.118306
0.071173
0.119008
0.072131
0.043241
0.031573
0.067363
0.073751
0.061174
0.111741
0.119742
0.088244
0.185275
0.076459
0.154815
0.097244
0.125768
0.367735
0.104889
0.055031
0.084780
0.042625
0.070167
0.129314
0.059902
0.079140
0.062526
0.045186
0.128807
0.094727
0.093404
0.090486
0.047380
0.193741
0.059172
0.038285
0.445113
0.056524
0.038135
0.107306
0.036209
0.109577
0.067399
0.158634
0.047532
0.045731
0.091405
0.114400
0.082750
0.117471
0.066470
0.038292
