0.038161
0.018138
0.001082
0.005400
0.003580
0.013043
0.015440
0.004442
0.025043
0.007809
0.001163
0.056321
0.007258
0.012360
0.030656
0.005409
0.003579
0.010606
0.006328
0.002021
0.003547
0.021386
0.001682
0.018842
0.021759
0.021583
0.003855
0.001421
0.003381
0.004294
0.013481
0.024575
0.007451
0.007870
0.012077
0.010533
0.002017
0.008068
0.003951
0.001876
0.008177
0.009249
0.011647
0.002455
0.010034
0.006138
0.005937
0.019276
0.008962
0.004889
0.012633
0.004839
0.002344
0.001314
0.007145
0.004828
0.007240
0.012209
0.012396
0.008422
0.018346
0.007445
0.012633
0.008441
0.013119
0.038445
0.007219
0.003627
0.004442
0.001860
0.004864
0.010291
0.003187
0.005126
0.007489
0.002647
0.009589
0.007339
0.008949
0.006918
0.002802
0.017023
0.002622
0.001979
0.042925
0.003305
0.002218
0.007800
0.001554
0.008718
0.006693
0.014178
0.002123
0.002078
0.006031
0.011543
0.005295
0.007955
0.004722
0.001707
